\begin{tabular}{llrrrrrr}
\toprule
            &    & \multicolumn{6}{l}{Dependent} \\
            &    &         X &         B &         Y &        U1 &        U2 &        U3 \\
\midrule
Independent & X &  1.000000 &  0.577281 &  0.412520 &  0.683025 &  0.038682 &  0.145808 \\
            & B &  0.577281 &  1.000000 &  0.544056 &  0.347824 &  0.838265 &  0.049579 \\
            & Y &  0.412520 &  0.544056 &  1.000000 &  0.289999 &  0.390323 &  0.864991 \\
            & U1 &  0.683025 &  0.347824 &  0.289999 &  1.000000 & -0.030451 &  0.137189 \\
            & U2 &  0.038682 &  0.838265 &  0.390323 & -0.030451 &  1.000000 & -0.036693 \\
            & U3 &  0.145808 &  0.049579 &  0.864991 &  0.137189 & -0.036693 &  1.000000 \\
\bottomrule
\end{tabular}
